V 54
K 1
D 0 -762000 3302000 0
Y 1
U 2921000 762000 254000 0 2 3 REFDES=IC?
U 2921000 508000 254000 0 2 3 DEVICE=TL3843P
U 2921000 254000 254000 0 2 0 PKG_TYPE=DIP794W53P254L959H508Q8N
U 2921000 0 254000 0 2 0 Description=TL3843P, PWM Current Mode Controller, 0.2 A Boost, Flyback, 500 kHz 8-Pin PDIP
U 2921000 -254000 254000 0 2 0 Datasheet Link=http://www.ti.com/lit/ds/symlink/tl3842.pdf
U 2921000 -508000 254000 0 2 0 Height=5.08
U 2921000 -762000 254000 0 2 0 Manufacturer_Name=Texas Instruments
U 2921000 -1016000 254000 0 2 0 Manufacturer_Part_Number=TL3843P
U 2921000 -1270000 254000 0 2 0 Mouser Part Number=595-TL3843P
U 2921000 -1524000 254000 0 2 0 Mouser Price/Stock=https://www.mouser.co.uk/ProductDetail/Texas-Instruments/TL3843P?qs=tJ5HNKWh3OU3fB%2FH2D3zVw%3D%3D
U 2921000 -1778000 254000 0 2 0 Arrow Part Number=TL3843P
U 2921000 -2032000 254000 0 2 0 Arrow Price/Stock=https://www.arrow.com/en/products/tl3843p/texas-instruments?region=nac
U 0 0 254000 0 1 0 FORWARD_PCB=1
l 5 508000 254000 2794000 254000 2794000 -1016000 508000 -1016000 508000 254000
|GRPHSTL -1 -1 -1 1
P 1 0 0 508000 0 0 2 0
L 584200 0 228600 0 2 0 1 0 COMP
A 355600 50800 203200 0 9 3 #=1
A 0 0 9 0 3 0 PINTYPE=BI
P 2 0 -254000 508000 -254000 0 2 0
L 584200 -254000 228600 0 2 0 1 0 VFB
A 355600 -203200 203200 0 9 3 #=2
A 0 0 9 0 3 0 PINTYPE=BI
P 3 0 -508000 508000 -508000 0 2 0
L 584200 -508000 228600 0 2 0 1 0 ISENSE
A 355600 -457200 203200 0 9 3 #=3
A 0 0 9 0 3 0 PINTYPE=BI
P 4 0 -762000 508000 -762000 0 2 0
L 584200 -762000 228600 0 2 0 1 0 RT/CT
A 355600 -711200 203200 0 9 3 #=4
A 0 0 9 0 3 0 PINTYPE=BI
P 5 3302000 0 2794000 0 0 3 0
L 2717800 0 228600 0 8 0 1 0 REF
A 2946400 50800 203200 0 3 3 #=8
A 0 0 9 0 3 0 PINTYPE=BI
P 6 3302000 -254000 2794000 -254000 0 3 0
L 2717800 -254000 228600 0 8 0 1 0 VCC
A 2946400 -203200 203200 0 3 3 #=7
A 0 0 9 0 3 0 PINTYPE=BI
P 7 3302000 -508000 2794000 -508000 0 3 0
L 2717800 -508000 228600 0 8 0 1 0 OUTPUT
A 2946400 -457200 203200 0 3 3 #=6
A 0 0 9 0 3 0 PINTYPE=BI
P 8 3302000 -762000 2794000 -762000 0 3 0
L 2717800 -762000 228600 0 8 0 1 0 GND
A 2946400 -711200 203200 0 3 3 #=5
A 0 0 9 0 3 0 PINTYPE=BI
E
