V 54
K 1
D 0 -762000 2540000 0
Y 1
U 2159000 762000 254000 0 2 3 REFDES=IC?
U 2159000 508000 254000 0 2 3 DEVICE=TLE4275D
U 2159000 254000 254000 0 2 0 PKG_TYPE=TLE4275D
U 2159000 0 254000 0 2 0 Description=LDO Voltage Regulators LW Drop Fixed VOLT REGULATOR 200mA 5V
U 2159000 -254000 254000 0 2 0 Datasheet Link=https://www.infineon.com/dgdl/Infineon-TLE4275V50-DS-v01_07-en%5B1%5D.pdf?fileId=db3a304412b407950112b437f96169d5
U 2159000 -508000 254000 0 2 0 Height=2.5
U 2159000 -762000 254000 0 2 0 Manufacturer_Name=Infineon
U 2159000 -1016000 254000 0 2 0 Manufacturer_Part_Number=TLE4275D
U 2159000 -1270000 254000 0 2 0 Mouser Part Number=726-TLE4275D
U 2159000 -1524000 254000 0 2 0 Mouser Price/Stock=https://www.mouser.co.uk/ProductDetail/Infineon-Technologies/TLE4275D?qs=3D22qUCSisCm%252B2ao74XBfA%3D%3D
U 2159000 -1778000 254000 0 2 0 Arrow Part Number=
U 2159000 -2032000 254000 0 2 0 Arrow Price/Stock=
U 0 0 254000 0 1 0 FORWARD_PCB=1
l 5 508000 254000 2032000 254000 2032000 -1016000 508000 -1016000 508000 254000
|GRPHSTL -1 -1 -1 1
P 1 0 0 508000 0 0 2 0
L 584200 0 228600 0 2 0 1 0 I
A 355600 50800 203200 0 9 3 #=1
A 0 0 9 0 3 0 PINTYPE=BI
P 2 0 -254000 508000 -254000 0 2 0
L 584200 -254000 228600 0 2 0 1 0 RO
A 355600 -203200 203200 0 9 3 #=2
A 0 0 9 0 3 0 PINTYPE=BI
P 3 2540000 0 2032000 0 0 3 0
L 1955800 0 228600 0 8 0 1 0 GND
A 2184400 50800 203200 0 3 3 #=3
A 0 0 9 0 3 0 PINTYPE=BI
P 4 0 -508000 508000 -508000 0 2 0
L 584200 -508000 228600 0 2 0 1 0 D
A 355600 -457200 203200 0 9 3 #=4
A 0 0 9 0 3 0 PINTYPE=BI
P 5 0 -762000 508000 -762000 0 2 0
L 584200 -762000 228600 0 2 0 1 0 Q
A 355600 -711200 203200 0 9 3 #=5
A 0 0 9 0 3 0 PINTYPE=BI
E
